    6.1999980000e+14
   -5.9899580000e+07
    1.0036010000e+05
    1.0036020000e+05
    1.0036030000e+05
    1.0036040000e+05
    1.0036050000e+05
    1.0036060000e+05
    1.0036070000e+05
   -1.7899639200e+07
   -5.9899657100e+07
   -1.7899717000e+07
    1.0026510000e+05
    1.0026520000e+05
    1.0026530000e+05
    1.0026540000e+05
    1.0026550000e+05
    1.0026560000e+05
    1.0026570000e+05
    1.0026580000e+05
    1.0026590000e+05
    1.0026600000e+05
    1.0026610000e+05
    1.0026620000e+05
    1.0026630000e+05
    1.0026640000e+05
    1.0026650000e+05
    1.0026660000e+05
    1.0026670000e+05
    1.0026680000e+05
    1.0026690000e+05
    1.0026700000e+05
    1.0026710000e+05
    1.0026720000e+05
    1.0026730000e+05
    1.0026740000e+05
    1.0026750000e+05
    1.0026760000e+05
    1.0026770000e+05
    1.0026780000e+05
    1.0026790000e+05
    1.0026800000e+05
    1.0026810000e+05
    1.0026820000e+05
    1.0026830000e+05
    1.0026840000e+05
    1.0026850000e+05
    1.0026860000e+05
    1.0026870000e+05
    1.0026880000e+05
    1.0026890000e+05
    1.0026900000e+05
    1.0026910000e+05
    1.0026920000e+05
    1.0026930000e+05
    1.0026940000e+05
    1.0026950000e+05
    1.0026960000e+05
    1.0026970000e+05
    1.0026980000e+05
    1.0026990000e+05
    1.0027000000e+05
    1.0027010000e+05
    1.0027020000e+05
    1.0027030000e+05
    1.0027040000e+05
    1.0027050000e+05
    1.0027060000e+05
    1.0027070000e+05
    1.0027080000e+05
    1.0027090000e+05
    1.0027100000e+05
    1.0027110000e+05
    1.0027120000e+05
    1.0027130000e+05
    1.0027140000e+05
    1.0027150000e+05
    1.0027160000e+05
    1.0027170000e+05
    1.0027180000e+05
    1.0027190000e+05
    1.0027200000e+05
    1.0027210000e+05
    1.0027220000e+05
    1.0027230000e+05
    1.0027240000e+05
    1.0027250000e+05
    1.0027260000e+05
    1.0027270000e+05
   -2.8997272000e+06
    2.1002699000e+06
   -2.8997280000e+06
    1.0026910000e+05
    1.0026920000e+05
    1.0026930000e+05
    1.0026940000e+05
    1.0026950000e+05
    1.0026960000e+05
    1.0026970000e+05
    2.1002698000e+06
   -5.9899728100e+07
    2.1002120000e+06
    1.0021410000e+05
    1.0021420000e+05
    1.0021430000e+05
    1.0021440000e+05
    1.0021450000e+05
    1.0021460000e+05
    1.0021470000e+05
   -2.8997852000e+06
    2.1002119000e+06
   -2.8997860000e+06
    1.0021110000e+05
    1.0021120000e+05
    1.0021130000e+05
    1.0021140000e+05
    1.0021150000e+05
    1.0021160000e+05
    1.0021170000e+05
    1.0021180000e+05
    1.0021190000e+05
    1.0021200000e+05
    1.0021210000e+05
    1.0021220000e+05
    1.0021230000e+05
    1.0021240000e+05
    1.0021250000e+05
    1.0021260000e+05
    1.0021270000e+05
    1.0021280000e+05
    1.0021290000e+05
    1.0021300000e+05
    1.0021310000e+05
    1.0021320000e+05
    1.0021330000e+05
    1.0021340000e+05
    1.0021350000e+05
    1.0021360000e+05
    1.0021370000e+05
    1.0021380000e+05
    1.0021390000e+05
    1.0021400000e+05
    1.0021410000e+05
    1.0021420000e+05
    1.0021430000e+05
    1.0021440000e+05
    1.0021450000e+05
    1.0021460000e+05
    1.0021470000e+05
    1.0021480000e+05
    1.0021490000e+05
    1.0021500000e+05
    1.0021510000e+05
    1.0021520000e+05
    1.0021530000e+05
    1.0021540000e+05
    1.0021550000e+05
    1.0021560000e+05
    1.0021570000e+05
    1.0021580000e+05
    1.0021590000e+05
    1.0021600000e+05
    1.0021610000e+05
    1.0021620000e+05
    1.0021630000e+05
    1.0021640000e+05
    1.0021650000e+05
    1.0021660000e+05
    1.0021670000e+05
    1.0021680000e+05
    1.0021690000e+05
    1.0021700000e+05
    1.0021710000e+05
    1.0021720000e+05
    1.0021730000e+05
    1.0021740000e+05
    1.0021750000e+05
    1.0021760000e+05
    1.0021770000e+05
    1.0021780000e+05
    1.0021790000e+05
    1.0021800000e+05
    1.0021810000e+05
    1.0021820000e+05
    1.0021830000e+05
    1.0021840000e+05
    1.0021850000e+05
    1.0021860000e+05
    1.0021870000e+05
    1.0021880000e+05
    1.0021890000e+05
    1.0021900000e+05
    1.0021910000e+05
    1.0021920000e+05
    1.0021930000e+05
    1.0021940000e+05
    1.0021950000e+05
    1.0021960000e+05
    1.0021970000e+05
    1.0021980000e+05
    1.0021990000e+05
    2.2000000000e+02
    2.2000000000e+02
    2.2000000000e+02
    2.2000000000e+02
    2.2000000000e+02
    2.2000000000e+02
    2.2000000000e+02
    2.2000000000e+02
    2.2000000000e+02
    2.2000000000e+02
    2.2000000000e+02
    2.2000000000e+02
    2.2000000000e+02
    2.2000000000e+02
    2.2000000000e+02
    2.2000000000e+02
    2.2000000000e+02
    2.2000000000e+02
    2.2000000000e+02
    2.2000000000e+02
    2.2000000000e+02
    2.2000000000e+02
    2.2000000000e+02
    2.2000000000e+02
    2.2000000000e+02
    2.2000000000e+02
    2.2000000000e+02
    2.2000000000e+02
    2.2000000000e+02
    2.2000000000e+02
    2.2000000000e+02
    2.2000000000e+02
    2.2000000000e+02
    2.2000000000e+02
    2.2000000000e+02
    2.2000000000e+02
    2.2000000000e+02
    2.2000000000e+02
    2.2000000000e+02
    2.2000000000e+02
    2.2000000000e+02
    2.2000000000e+02
    2.2000000000e+02
    2.2000000000e+02
    2.2000000000e+02
    2.2000000000e+02
    2.2000000000e+02
    2.2000000000e+02
    2.2000000000e+02
    2.2000000000e+02
    2.2000000000e+02
    2.2000000000e+02
    2.2000000000e+02
    2.2000000000e+02
    2.2000000000e+02
    2.2000000000e+02
    2.2000000000e+02
    2.2000000000e+02
    2.2000000000e+02
    2.2000000000e+02
    2.2000000000e+02
    2.2000000000e+02
    2.2000000000e+02
    2.2000000000e+02
    2.2000000000e+02
    2.2000000000e+02
    2.2000000000e+02
    2.2000000000e+02
    2.2000000000e+02
    2.2000000000e+02
    2.2000000000e+02
    2.2000000000e+02
    2.2000000000e+02
    2.2000000000e+02
    2.2000000000e+02
    2.2000000000e+02
    2.2000000000e+02
    2.2000000000e+02
    2.2000000000e+02
    2.2000000000e+02
    2.2000000000e+02
    2.2000000000e+02
    2.2000000000e+02
    2.2000000000e+02
    2.2000000000e+02
    2.2000000000e+02
    2.2000000000e+02
    2.2000000000e+02
    2.2000000000e+02
    2.2000000000e+02
    2.2000000000e+02
    2.2000000000e+02
    2.2000000000e+02
    2.2000000000e+02
    2.2000000000e+02
    2.2000000000e+02
    2.2000000000e+02
    2.2000000000e+02
    2.2000000000e+02
    2.2000000000e+02
    2.2000000000e+02
    2.2000000000e+02
    2.2000000000e+02
    2.2000000000e+02
    2.2000000000e+02
    2.2000000000e+02
    2.2000000000e+02
    2.2000000000e+02
    2.2000000000e+02
    2.2000000000e+02
    2.2000000000e+02
    2.2000000000e+02
    2.2000000000e+02
    2.2000000000e+02
    2.2000000000e+02
    2.2000000000e+02
    2.2000000000e+02
    2.2000000000e+02
    2.2000000000e+02
    2.2000000000e+02
    2.2000000000e+02
    2.2000000000e+02
    2.2000000000e+02
    2.2000000000e+02
    2.2000000000e+02
    2.2000000000e+02
    2.2000000000e+02
    2.2000000000e+02
    2.2000000000e+02
    2.2000000000e+02
    2.2000000000e+02
    2.2000000000e+02
    2.2000000000e+02
    2.2000000000e+02
    2.2000000000e+02
    2.2000000000e+02
    2.2000000000e+02
    2.2000000000e+02
    2.2000000000e+02
    2.2000000000e+02
    2.2000000000e+02
    2.2000000000e+02
    2.2000000000e+02
    2.2000000000e+02
    2.2000000000e+02
    2.2000000000e+02
    2.2000000000e+02
    2.2000000000e+02
    2.2000000000e+02
    2.2000000000e+02
    2.2000000000e+02
    2.2000000000e+02
    2.2000000000e+02
    2.2000000000e+02
    2.2000000000e+02
    2.2000000000e+02
    2.2000000000e+02
    2.2000000000e+02
    2.2000000000e+02
    2.2000000000e+02
    2.2000000000e+02
    2.2000000000e+02
    2.2000000000e+02
    2.2000000000e+02
    2.2000000000e+02
    2.2000000000e+02
    2.2000000000e+02
    2.2000000000e+02
    2.2000000000e+02
    2.2000000000e+02
    2.2000000000e+02
    2.2000000000e+02
    2.2000000000e+02
    2.2000000000e+02
    2.2000000000e+02
    2.2000000000e+02
    2.2000000000e+02
    2.2000000000e+02
    2.2000000000e+02
    2.2000000000e+02
    2.2000000000e+02
    2.2000000000e+02
    2.2000000000e+02
    2.2000000000e+02
    2.2000000000e+02
    2.2000000000e+02
    2.2000000000e+02
    2.2000000000e+02
    2.2000000000e+02
    2.2000000000e+02
    2.2000000000e+02
    2.2000000000e+02
    2.2000000000e+02
    2.2000000000e+02
    2.2000000000e+02
    2.2000000000e+02
    2.2000000000e+02
    2.2000000000e+02
    2.2000000000e+02
    2.2000000000e+02
    2.2000000000e+02
    2.2000000000e+02
    2.2000000000e+02
    2.2000000000e+02
    2.2000000000e+02
    2.2000000000e+02
    2.2000000000e+02
    2.2000000000e+02
    2.2000000000e+02
    2.2000000000e+02
    2.2000000000e+02
    2.2000000000e+02
    2.2000000000e+02
    2.2000000000e+02
    2.2000000000e+02
    2.2000000000e+02
    2.2000000000e+02
    2.2000000000e+02
    2.2000000000e+02
    2.2000000000e+02
    2.2000000000e+02
    2.2000000000e+02
    2.2000000000e+02
    2.2000000000e+02
    2.2000000000e+02
    2.2000000000e+02
    2.2000000000e+02
    2.2000000000e+02
    2.2000000000e+02
    2.2000000000e+02
    2.2000000000e+02
    2.2000000000e+02
    2.2000000000e+02
    2.2000000000e+02
    2.2000000000e+02
    2.2000000000e+02
    2.2000000000e+02
    2.2000000000e+02
    2.2000000000e+02
    2.2000000000e+02
    2.2000000000e+02
    2.2000000000e+02
    2.2000000000e+02
    2.2000000000e+02
    2.2000000000e+02
    2.2000000000e+02
    2.2000000000e+02
    2.2000000000e+02
    2.2000000000e+02
    2.2000000000e+02
    2.2000000000e+02
    2.2000000000e+02
    2.2000000000e+02
    2.2000000000e+02
    2.2000000000e+02
    2.2000000000e+02
    2.2000000000e+02
    2.2000000000e+02
    2.2000000000e+02
    2.2000000000e+02
    2.2000000000e+02
    2.2000000000e+02
    2.2000000000e+02
    2.2000000000e+02
    2.2000000000e+02
    2.2000000000e+02
    2.2000000000e+02
    2.2000000000e+02
    2.2000000000e+02
    2.2000000000e+02
    2.2000000000e+02
    2.2000000000e+02
    2.2000000000e+02
    2.2000000000e+02
    2.2000000000e+02
    2.2000000000e+02
    2.2000000000e+02
    2.2000000000e+02
    2.2000000000e+02
    2.2000000000e+02
    2.2000000000e+02
    2.2000000000e+02
    2.2000000000e+02
    2.2000000000e+02
    2.2000000000e+02
    2.2000000000e+02
    2.2000000000e+02
    2.2000000000e+02
    2.2000000000e+02
    2.2000000000e+02
    2.2000000000e+02
    2.2000000000e+02
    2.2000000000e+02
    2.2000000000e+02
    2.2000000000e+02
    2.2000000000e+02
    2.2000000000e+02
    2.2000000000e+02
    2.2000000000e+02
    2.2000000000e+02
    2.2000000000e+02
    2.2000000000e+02
    2.2000000000e+02
    2.2000000000e+02
    2.2000000000e+02
    2.2000000000e+02
    2.2000000000e+02
    2.2000000000e+02
    2.2000000000e+02
    2.2000000000e+02
    2.2000000000e+02
    2.2000000000e+02
    2.2000000000e+02
    2.2000000000e+02
    2.2000000000e+02
    2.2000000000e+02
    2.2000000000e+02
    2.2000000000e+02
    2.2000000000e+02
    2.2000000000e+02
    2.2000000000e+02
    2.2000000000e+02
    2.2000000000e+02
    2.2000000000e+02
    2.2000000000e+02
    2.2000000000e+02
    2.2000000000e+02
    2.2000000000e+02
    2.2000000000e+02
    2.2000000000e+02
    2.2000000000e+02
    2.2000000000e+02
    2.2000000000e+02
    2.2000000000e+02
    2.2000000000e+02
    2.2000000000e+02
    2.2000000000e+02
    2.2000000000e+02
    2.2000000000e+02
    2.2000000000e+02
    2.2000000000e+02
    2.2000000000e+02
    2.2000000000e+02
    2.2000000000e+02
    2.2000000000e+02
    2.2000000000e+02
    2.2000000000e+02
    2.2000000000e+02
    2.2000000000e+02
    2.2000000000e+02
    2.2000000000e+02
    2.2000000000e+02
    2.2000000000e+02
    2.2000000000e+02
    2.2000000000e+02
    2.2000000000e+02
    2.2000000000e+02
    2.2000000000e+02
    2.2000000000e+02
    2.2000000000e+02
    2.2000000000e+02
    2.2000000000e+02
    2.2000000000e+02
    2.2000000000e+02
    2.2000000000e+02
    2.2000000000e+02
    2.2000000000e+02
    2.2000000000e+02
    2.2000000000e+02
    2.2000000000e+02
    2.2000000000e+02
    2.2000000000e+02
    2.2000000000e+02
    2.2000000000e+02
    2.2000000000e+02
    2.2000000000e+02
    2.2000000000e+02
    2.2000000000e+02
    2.2000000000e+02
    2.2000000000e+02
    2.2000000000e+02
    2.2000000000e+02
    2.2000000000e+02
    2.2000000000e+02
    2.2000000000e+02
    2.2000000000e+02
    2.2000000000e+02
    2.2000000000e+02
    2.2000000000e+02
    2.2000000000e+02
    2.2000000000e+02
    2.2000000000e+02
    2.2000000000e+02
    2.2000000000e+02
    2.2000000000e+02
    2.2000000000e+02
    2.2000000000e+02
    2.2000000000e+02
    2.2000000000e+02
    2.2000000000e+02
    2.2000000000e+02
    2.2000000000e+02
    2.2000000000e+02
    2.2000000000e+02
    2.2000000000e+02
    2.2000000000e+02
    2.2000000000e+02
    2.2000000000e+02
    2.2000000000e+02
    2.2000000000e+02
    2.2000000000e+02
    2.2000000000e+02
    2.2000000000e+02
    2.2000000000e+02
    2.2000000000e+02
    2.2000000000e+02
    2.2000000000e+02
    2.2000000000e+02
    2.2000000000e+02
    2.2000000000e+02
    2.2000000000e+02
    2.2000000000e+02
    2.2000000000e+02
    2.2000000000e+02
    2.2000000000e+02
    2.2000000000e+02
    2.2000000000e+02
    2.2000000000e+02
    2.2000000000e+02
    2.2000000000e+02
    2.2000000000e+02
    2.2000000000e+02
    2.2000000000e+02
    2.2000000000e+02
    2.2000000000e+02
    2.2000000000e+02
    2.2000000000e+02
    2.2000000000e+02
    2.2000000000e+02
    2.2000000000e+02
    2.2000000000e+02
    2.2000000000e+02
    2.2000000000e+02
    2.2000000000e+02
    2.2000000000e+02
    2.2000000000e+02
    2.2000000000e+02
    2.2000000000e+02
    2.2000000000e+02
    2.2000000000e+02
    2.2000000000e+02
    2.2000000000e+02
    2.2000000000e+02
    2.2000000000e+02
    2.2000000000e+02
    2.2000000000e+02
    2.2000000000e+02
    2.2000000000e+02
    2.2000000000e+02
    2.2000000000e+02
    2.2000000000e+02
    2.2000000000e+02
    2.2000000000e+02
    2.2000000000e+02
    2.2000000000e+02
    2.2000000000e+02
    2.2000000000e+02
    2.2000000000e+02
    2.2000000000e+02
    2.2000000000e+02
    2.2000000000e+02
    2.2000000000e+02
    2.2000000000e+02
    2.2000000000e+02
    2.2000000000e+02
    2.2000000000e+02
    2.2000000000e+02
    2.2000000000e+02
    2.2000000000e+02
    2.2000000000e+02
    2.2000000000e+02
    2.2000000000e+02
    2.2000000000e+02
    2.2000000000e+02
    2.2000000000e+02
    2.2000000000e+02
    2.2000000000e+02
    2.2000000000e+02
    2.2000000000e+02
    2.2000000000e+02
    2.2000000000e+02
    2.2000000000e+02
    2.2000000000e+02
    2.2000000000e+02
    2.2000000000e+02
    2.2000000000e+02
    2.2000000000e+02
    2.2000000000e+02
    2.2000000000e+02
    2.2000000000e+02
    2.2000000000e+02
    2.2000000000e+02
    2.2000000000e+02
    2.2000000000e+02
    2.2000000000e+02
    2.2000000000e+02
    2.2000000000e+02
    2.2000000000e+02
    2.2000000000e+02
    2.2000000000e+02
    2.2000000000e+02
    2.2000000000e+02
    2.2000000000e+02
    2.2000000000e+02
    2.2000000000e+02
    2.2000000000e+02
    2.2000000000e+02
    2.2000000000e+02
    2.2000000000e+02
    2.2000000000e+02
    2.2000000000e+02
    2.2000000000e+02
    2.2000000000e+02
    2.2000000000e+02
    2.2000000000e+02
    2.2000000000e+02
    2.2000000000e+02
    2.2000000000e+02
    2.2000000000e+02
    2.2000000000e+02
    2.2000000000e+02
    2.2000000000e+02
    2.2000000000e+02
    2.2000000000e+02
    2.2000000000e+02
    2.2000000000e+02
    2.2000000000e+02
    2.2000000000e+02
    2.2000000000e+02
    2.2000000000e+02
    2.2000000000e+02
    2.2000000000e+02
    2.2000000000e+02
    2.2000000000e+02
    2.2000000000e+02
    2.2000000000e+02
    2.2000000000e+02
    2.2000000000e+02
    2.2000000000e+02
    2.2000000000e+02
    2.2000000000e+02
    2.2000000000e+02
    2.2000000000e+02
    2.2000000000e+02
    2.2000000000e+02
    2.2000000000e+02
    2.2000000000e+02
    2.2000000000e+02
    2.2000000000e+02
    2.2000000000e+02
    2.2000000000e+02
    2.2000000000e+02
    2.2000000000e+02
    2.2000000000e+02
    2.2000000000e+02
    2.2000000000e+02
    2.2000000000e+02
    2.2000000000e+02
    2.2000000000e+02
    2.2000000000e+02
    2.2000000000e+02
    2.2000000000e+02
    2.2000000000e+02
    2.2000000000e+02
    2.2000000000e+02
    2.2000000000e+02
    2.2000000000e+02
    2.2000000000e+02
    2.2000000000e+02
    2.2000000000e+02
    2.2000000000e+02
    2.2000000000e+02
    2.2000000000e+02
    2.2000000000e+02
    2.2000000000e+02
    2.2000000000e+02
    2.2000000000e+02
    2.2000000000e+02
    2.2000000000e+02
    2.2000000000e+02
    2.2000000000e+02
    2.2000000000e+02
    2.2000000000e+02
    2.2000000000e+02
    2.2000000000e+02
    2.2000000000e+02
    2.2000000000e+02
    2.2000000000e+02
    2.2000000000e+02
    2.1990000000e+02
    2.1980000000e+02
    2.1970000000e+02
    2.1960000000e+02
    2.1950000000e+02
    2.1940000000e+02
    2.1930000000e+02
    2.1920000000e+02
    2.1910000000e+02
    2.1900000000e+02
    2.1890000000e+02
    2.1880000000e+02
    2.1870000000e+02
    2.1860000000e+02
    2.1850000000e+02
    2.1840000000e+02
    2.1830000000e+02
    2.1820000000e+02
    2.1810000000e+02
    2.1800000000e+02
    2.1790000000e+02
    2.1780000000e+02
    2.1770000000e+02
    2.1760000000e+02
    2.1750000000e+02
    2.1740000000e+02
    2.1730000000e+02
    2.1720000000e+02
    2.1710000000e+02
    2.1700000000e+02
    2.1690000000e+02
    2.1680000000e+02
    2.1670000000e+02
    2.1660000000e+02
    2.1650000000e+02
    2.1640000000e+02
    2.1630000000e+02
    2.1620000000e+02
    2.1610000000e+02
    2.1600000000e+02
    2.1590000000e+02
    2.1580000000e+02
    2.1570000000e+02
    2.1560000000e+02
    2.1550000000e+02
    2.1540000000e+02
    2.1530000000e+02
    2.1520000000e+02
    2.1510000000e+02
    2.1500000000e+02
    2.1490000000e+02
    2.1480000000e+02
    2.1470000000e+02
    2.1460000000e+02
    2.1450000000e+02
    2.1440000000e+02
    2.1430000000e+02
    2.1420000000e+02
    2.1410000000e+02
    2.1400000000e+02
    2.1390000000e+02
    2.1380000000e+02
    2.1370000000e+02
    2.1360000000e+02
    2.1350000000e+02
    2.1340000000e+02
    2.1330000000e+02
    2.1320000000e+02
    2.1310000000e+02
    2.1300000000e+02
    2.1290000000e+02
    2.1280000000e+02
    2.1270000000e+02
    2.1260000000e+02
    2.1250000000e+02
    2.1240000000e+02
    2.1230000000e+02
    2.1220000000e+02
    2.1210000000e+02
    2.1200000000e+02
    2.1190000000e+02
    2.1180000000e+02
    2.1170000000e+02
    2.1160000000e+02
    2.1150000000e+02
    2.1140000000e+02
    2.1130000000e+02
    2.1120000000e+02
    2.1110000000e+02
    2.1400000000e+02
    2.1190000000e+02
    2.1480000000e+02
    2.1470000000e+02
    2.1460000000e+02
    2.1450000000e+02
    2.1440000000e+02
    2.1430000000e+02
    2.1420000000e+02
    2.1410000000e+02
    2.1200000000e+02
    2.7190000000e+02
    2.6980000000e+02
    2.6970000000e+02
    2.6960000000e+02
    2.6950000000e+02
    2.6940000000e+02
    2.6930000000e+02
    2.6920000000e+02
    2.6910000000e+02
    2.7200000000e+02
    2.6990000000e+02
    2.7280000000e+02
    2.7270000000e+02
    2.7260000000e+02
    2.7250000000e+02
    2.7240000000e+02
    2.7230000000e+02
    2.7220000000e+02
    2.7210000000e+02
    2.7200000000e+02
    2.7190000000e+02
    2.7180000000e+02
    2.7170000000e+02
    2.7160000000e+02
    2.7150000000e+02
    2.7140000000e+02
    2.7130000000e+02
    2.7120000000e+02
    2.7110000000e+02
    2.7100000000e+02
    2.7090000000e+02
    2.7080000000e+02
    2.7070000000e+02
    2.7060000000e+02
    2.7050000000e+02
    2.7040000000e+02
    2.7030000000e+02
    2.7020000000e+02
    2.7010000000e+02
    2.7000000000e+02
    2.6990000000e+02
    2.6980000000e+02
    2.6970000000e+02
    2.6960000000e+02
    2.6950000000e+02
    2.6940000000e+02
    2.6930000000e+02
    2.6920000000e+02
    2.6910000000e+02
    2.6900000000e+02
    2.6890000000e+02
    2.6880000000e+02
    2.6870000000e+02
    2.6860000000e+02
    2.6850000000e+02
    2.6840000000e+02
    2.6830000000e+02
    2.6820000000e+02
    2.6810000000e+02
    2.6800000000e+02
    2.6790000000e+02
    2.6780000000e+02
    2.6770000000e+02
    2.6760000000e+02
    2.6750000000e+02
    2.6740000000e+02
    2.6730000000e+02
    2.6720000000e+02
    2.6710000000e+02
    2.6700000000e+02
    2.6690000000e+02
    2.6680000000e+02
    2.6670000000e+02
    2.6660000000e+02
    2.6650000000e+02
    2.6640000000e+02
    2.6630000000e+02
    2.6620000000e+02
    2.6610000000e+02
    2.6600000000e+02
    2.6590000000e+02
    2.6580000000e+02
    2.6570000000e+02
    2.6560000000e+02
    2.6550000000e+02
    2.6540000000e+02
    2.6530000000e+02
    2.6520000000e+02
    2.6510000000e+02
    2.8300000000e+02
    3.4290000000e+02
    3.6080000000e+02
    3.6070000000e+02
    3.6060000000e+02
    3.6050000000e+02
    3.6040000000e+02
    3.6030000000e+02
    3.6020000000e+02
    3.6010000000e+02
    4.2000000000e+02

