   -1.1757292888e+07
    1.2335143358e+06
    3.2719880783e+06
   -2.5270032160e+05
   -5.6979619793e+04
   -2.1733478951e+04
   -3.0288117972e+04
   -1.0559182157e+05
    7.1930781341e+05
    3.2614168763e+06
    2.0340025322e+06
    6.3781013633e+06
    1.3501636489e+06
   -2.8085296555e+05
   -5.4812022483e+04
   -2.3184481539e+04
   -2.9634035186e+04
   -9.3948820455e+04
    1.2646250498e+04
    1.4675387310e+06
    3.3146507408e+06
    1.2925719496e+06
   -1.4801425400e+05
   -1.4693466511e+05
   -3.4317892466e+04
   -2.1560566160e+04
   -2.3477528073e+04
   -4.4233026209e+04
   -1.2761689975e+05
   -2.7262060218e+05
   -3.5571375759e+05
   -3.0100323969e+05
   -1.4864361274e+05
   -5.0214963395e+04
   -2.3999659972e+04
   -2.1436472298e+04
   -2.1650047904e+04
   -2.4007910327e+04
   -3.4400297329e+04
   -5.5524740850e+04
   -6.9368567730e+04
   -5.5530346555e+04
   -3.4411473776e+04
   -2.4024626004e+04
   -2.1672290067e+04
   -2.1464238381e+04
   -2.1467015711e+04
   -2.1469795855e+04
   -2.1472578812e+04
   -2.1475364584e+04
   -2.1478153169e+04
   -2.1480944568e+04
   -2.1483738780e+04
   -2.1486535806e+04
   -2.1489335646e+04
   -2.1492138300e+04
   -2.1527528563e+04
   -2.1781824659e+04
   -2.2419621801e+04
   -2.2811597494e+04
   -2.2533994425e+04
   -2.2817236089e+04
   -2.2430898883e+04
   -2.1798739203e+04
   -2.1550079683e+04
   -2.1520325712e+04
   -2.1807231895e+04
   -2.4382416339e+04
   -3.3501191098e+04
   -5.0606863867e+04
   -6.4391576994e+04
   -5.0469895570e+04
   -3.4400922670e+04
   -2.5007977378e+04
   -2.1945878933e+04
   -2.1561619749e+04
   -2.2514453627e+04
   -3.3718159449e+04
   -3.2630586366e+04
   -5.6498102783e+04
   -2.7981517733e+05
   -8.1187377611e+04
   -4.9885168425e+04
   -4.0318216076e+04
   -2.3706379910e+04
   -2.1796925123e+04
   -2.3385927152e+04
   -5.3075949842e+04
   -6.2825760780e+04
    3.6860274714e+05
    3.3574104835e+06
    1.0509691065e+05
   -1.4970134869e+03
   -8.4522084848e+04
   -2.7127476945e+04
   -2.2054149418e+04
   -2.4036216988e+04
   -7.5953284779e+04
   -2.7202574231e+05
    3.2548735363e+06
   -1.2843149406e+06
    6.4472104183e+06
   -7.1336843702e+05
   -1.5837867260e+05
   -2.1981155978e+04
   -1.9623405608e+04
   -2.1087349893e+04
   -7.2184218897e+04
   -2.5393333904e+05
    9.2454203893e+05
    6.2868271070e+06
    5.2041009657e+05
   -2.9750325706e+05
   -1.2152387697e+05
   -2.4045904702e+04
   -1.9575062016e+04
   -2.1304488492e+04
   -4.8406128211e+04
   -8.8697872395e+04
   -2.4018658600e+05
   -7.5315660049e+05
   -3.1330831126e+05
   -1.3554858278e+05
   -6.2987900647e+04
   -2.3426871975e+04
   -1.9836472177e+04
   -2.0660336658e+04
   -2.8759228705e+04
   -6.0896099965e+04
   -1.2762383076e+05
   -1.8094417312e+05
   -1.2719193931e+05
   -6.3530493363e+04
   -3.0562183267e+04
   -2.0973397512e+04
   -1.9839972660e+04
   -1.9965380908e+04
   -2.0968632059e+04
   -2.3515905034e+04
   -2.5039284299e+04
   -2.3962155706e+04
   -2.5036141105e+04
   -2.3509618198e+04
   -2.0959197505e+04
   -1.9952795084e+04
   -1.9824234433e+04
   -1.9822673617e+04
   -1.9821115609e+04
   -1.9819560410e+04
   -1.9818008020e+04
   -1.9816458439e+04
   -1.9814911666e+04
   -1.9813367702e+04
   -1.9811826547e+04
   -1.9810288201e+04
   -1.9808752664e+04
   -1.9822537574e+04
   -1.9885156085e+04
   -1.9906280593e+04
   -1.9862465268e+04
   -2.0049039628e+04
   -1.9859425398e+04
   -1.9900200707e+04
   -1.9876036203e+04
   -1.9810377609e+04
   -1.9793552536e+04
   -1.9871513951e+04
   -2.0667014471e+04
   -2.3512504639e+04
   -2.6149133365e+04
   -2.2809825905e+04
   -2.6356999071e+04
   -2.3580853151e+04
   -2.0877678759e+04
   -2.0046972782e+04
   -1.9932607331e+04
   -2.0043274617e+04
   -2.3671968607e+04
   -3.2538577453e+04
   -8.8336495332e+04
   -9.7091715989e+04
   -8.7461986725e+04
   -3.7179843575e+04
   -2.6158025073e+04
   -2.1365827766e+04
   -2.1124180091e+04
   -2.1218976353e+04
   -2.7916594116e+04
   -9.0446034665e+04
    1.1922836565e+05
   -6.1925057516e+05
    8.2643549490e+04
   -1.0209968031e+05
   -2.8118471555e+04
   -1.5364570541e+04
   -1.5362955480e+04
   -1.5580646282e+04
   -2.0012606268e+04
   -9.9764088515e+04
   -6.2656842481e+05
    3.1115184621e+06
   -7.4052911998e+05
   -1.5667823663e+05
   -7.0282596830e+03
   -4.3506545353e+03
   -3.8171927454e+03
   -3.9632111203e+03
   -1.0070022013e+04
   -9.0044405259e+04
    3.8527521689e+04
   -7.4806897447e+05
   -1.3932483474e+04
   -1.0023850370e+05
   -3.7236180116e+03
    7.9602711674e+03
    8.0403288313e+03
    7.9634033927e+03
    2.8122365560e+03
   -1.6843874710e+04
   -1.0546672476e+05
   -1.5575388885e+05
   -1.0500075209e+05
   -2.5339473281e+04
   -2.5795732127e+03
    4.3483197989e+03
    4.5427826888e+03
    4.4398044794e+03
    2.9998428799e+03
   -2.7241489147e+03
   -7.8039621700e+03
   -1.2682228825e+03
   -8.3422035890e+03
   -3.1614162281e+03
    2.3292272408e+03
    3.8273285224e+03
    3.9928206690e+03
    3.9685129109e+03
    3.8458931381e+03
    3.8080766637e+03
    3.8966378105e+03
    3.5295167377e+03
    3.9090083992e+03
    3.8328181313e+03
    3.8830054450e+03
    4.0179962277e+03
    4.0546751524e+03
    4.0608574857e+03
    4.0670392235e+03
    4.0732203656e+03
    4.0794009116e+03
    4.0855808611e+03
    4.0917602139e+03
    4.0979389695e+03
    4.1041171275e+03
    4.1102946878e+03
    4.1164716498e+03
    4.1201414906e+03
    4.1254817452e+03
    4.1383409680e+03
    4.1207499882e+03
    4.1615201366e+03
    4.1330973137e+03
    4.1630356074e+03
    4.1625237143e+03
    4.1695307815e+03
    4.1782082630e+03
    4.1810365920e+03
    4.0526492046e+03
    3.8760468631e+03
    4.3802434606e+03
    3.3345747159e+03
    4.3846758041e+03
    3.8613631381e+03
    4.0581633359e+03
    4.1895002943e+03
    4.2017922318e+03
    4.2104630371e+03
    3.8961511481e+03
    1.6053776836e+03
   -4.5366629900e+03
    5.3433208634e+03
   -5.2300808303e+03
    1.2059968508e+03
    3.0396699914e+03
    3.5382008646e+03
    3.5362691348e+03
    3.5236608577e+03
    3.6805467263e+03
   -5.0973586253e+03
   -1.8529293006e+04
   -7.3673840991e+04
   -1.7657766262e+04
   -1.0652144630e+04
    1.6809214401e+03
    1.2616233328e+03
    1.2984363224e+03
    1.3149799903e+03
    5.2533911797e+02
    1.5741776901e+03
   -7.5194768464e+04
   -9.6415786107e+04
   -8.9380458340e+04
    1.0713334522e+04
    5.9962642153e+03
    7.2284524035e+03
    7.2124779223e+03
    7.2021871428e+03
    7.2893107496e+03
   -9.2387475235e+02
   -1.9369160574e+04
   -9.1758288099e+04
   -1.9340524099e+04
   -7.7895675640e+03
    3.8998739388e+03
    3.5530920319e+03
    3.5883909836e+03
    3.5945093495e+03
    3.3448578282e+03
    1.6590187130e+02
   -7.8267370070e+03
    5.1422962541e+03
   -8.9369679157e+03
   -8.2159868212e+02
    1.8643151919e+03
    2.2948890087e+03
    2.2959820318e+03
    2.3006958401e+03
    2.1240643387e+03
    1.8931937563e+03
    2.5545032421e+03
    1.1585570259e+03
    2.5450752060e+03
    1.8493570545e+03
    2.0938530013e+03
    2.2728587656e+03
    2.2837018539e+03
    2.2867471302e+03
    2.2920206774e+03
    2.3073205682e+03
    2.2820212418e+03
    2.3345378057e+03
    2.2947981275e+03
    2.3328743246e+03
    2.3303513259e+03
    2.3378546608e+03
    2.3475862683e+03
    2.3539760998e+03
    2.3603661819e+03
    2.3667565142e+03
    2.3731470965e+03
    2.3795379283e+03
    2.3859290093e+03
    2.3923203391e+03
    2.3987119175e+03
    2.4051037441e+03
    2.4114958186e+03
    2.4177488892e+03
    2.4246520461e+03
    2.4297451839e+03
    2.4383456357e+03
    2.4418542094e+03
    2.4511324981e+03
    2.4553189087e+03
    2.4630126310e+03
    2.4688963329e+03
    2.4754301179e+03
    2.4821962325e+03
    2.4763371434e+03
    2.5186251833e+03
    2.4496469290e+03
    2.5579845244e+03
    2.4613153785e+03
    2.5428346952e+03
    2.5125864509e+03
    2.5309866139e+03
    2.5370122341e+03
    2.5424810896e+03
    2.5740675325e+03
    2.1864295436e+03
    3.0816040380e+03
    1.6459677966e+03
    3.0696492999e+03
    2.1493416242e+03
    2.5397413054e+03
    2.5196948653e+03
    2.5265457915e+03
    2.5337476622e+03
    2.4877798559e+03
    3.0734305220e+03
   -2.4270517160e+03
    6.4547991130e+03
   -2.8898353335e+03
    2.4913640690e+03
    1.8764284633e+03
    1.9323446432e+03
    1.9345530834e+03
    1.9364354438e+03
    1.9926091638e+03
    1.0584209449e+03
    5.9828917131e+03
   -2.2756426126e+04
    5.1152831288e+03
   -2.6934226356e+02
    6.8441705159e+02
    6.3883153968e+02
    6.4948242957e+02
    6.5980900871e+02
    6.1696800095e+02
    1.2056268715e+03
   -4.2897872473e+03
    4.5691197404e+03
   -4.8803725276e+03
    4.7715819505e+02
   -1.3383417692e+02
   -7.6104390483e+01
   -7.1959403169e+01
   -6.7460893314e+01
   -3.6842219347e+01
   -4.2533399914e+02
    4.6583291979e+02
   -9.7960566183e+02
    4.4432712329e+02
   -4.8610840548e+02
   -1.0016472792e+02
   -1.2152509891e+02
   -1.1609692562e+02
   -1.1122294047e+02
   -1.1897158686e+02
   -7.8654082270e+01
   -1.4968384988e+02
   -4.3144542331e+01
   -1.4215093503e+02
   -6.2424758866e+01
   -9.4714221580e+01
   -7.8269151797e+01
   -7.4112498982e+01
   -6.9720945115e+01
   -6.4676736173e+01
   -6.1439977161e+01
   -5.4693334605e+01
   -5.3036000307e+01
   -4.5606380807e+01
   -4.3266068888e+01
   -3.7415874332e+01
   -3.3373128918e+01
   -2.8677728799e+01
   -2.4118763820e+01
   -1.9556982857e+01
   -1.4992385908e+01
   -1.0424972975e+01
   -5.8547440568e+00
   -1.2816991537e+00
    3.2941617341e+00
    7.8728386067e+00
    1.2454331464e+01
    1.7038640306e+01
    2.1625765134e+01
    2.6215705946e+01
    3.0808462742e+01
    3.5404035524e+01
    4.0002424290e+01
    4.4603629042e+01
    4.9207649778e+01
    5.3814486499e+01
    5.8424139204e+01
    6.3036607895e+01
    6.7651892570e+01
    7.2269993212e+01
    7.6872343041e+01
    8.1533209259e+01
    8.6079301627e+01
    9.0788434724e+01
    9.5340159018e+01
    1.0001228915e+02
    1.0463153480e+02
    1.0927216325e+02
    1.1391560769e+02
    1.1856186814e+02
    1.2324807710e+02
    1.2673644841e+02
    1.3299604999e+02
    1.3480078007e+02
    1.4104558945e+02
    1.4449416300e+02
    1.4913785166e+02
    1.5374722268e+02
    1.5835940972e+02
    1.6297441267e+02
    1.6751177700e+02
    1.7374564182e+02
    1.5476074212e+02
    1.7728370914e+02
    1.5754777282e+02
    1.6284269145e+02
    1.6641515645e+02
    1.7007089393e+02
    1.7372944769e+02
    1.7739081781e+02
    1.8113476999e+02
    1.8197962990e+02
    2.0374485586e+02
    5.1669893403e+01
    7.1961348303e+01
    7.0573997133e+01
    7.2096647568e+01
    7.3542345741e+01
    7.4990860197e+01
    7.6442190852e+01
    7.7815883162e+01
    8.0886076187e+01
    5.8739361429e+01
    7.8051001831e+01
    5.4921783859e+01
    5.6773909051e+01
    5.6905437007e+01
    5.7120237172e+01
    5.7337853341e+01
    5.7558285553e+01
    5.7818666276e+01
    5.6881209370e+01
    5.8712197711e+01
    5.6080887823e+01
    5.7890276124e+01
    5.6896001845e+01
    5.7094057628e+01
    5.7257795765e+01
    5.7424349886e+01
    5.7593719973e+01
    5.7747339248e+01
    5.7959474911e+01
    5.8056836725e+01
    5.8317239268e+01
    5.8420233007e+01
    5.8643632584e+01
    5.8814147679e+01
    5.9006045576e+01
    5.9200759457e+01
    5.9398289323e+01
    5.9598635174e+01
    5.9801797010e+01
    6.0007774830e+01
    6.0216568636e+01
    6.0428178426e+01
    6.0642604201e+01
    6.0859845961e+01
    6.1079903706e+01
    6.1302777435e+01
    6.1528467150e+01
    6.1756972849e+01
    6.1988294533e+01
    6.2222432202e+01
    6.2459385855e+01
    6.2699155494e+01
    6.2941741117e+01
    6.3187142725e+01
    6.3435360318e+01
    6.3686394035e+01
    6.3940243227e+01
    6.4196909702e+01
    6.4456389956e+01
    6.4718689078e+01
    6.4983801301e+01
    6.5251731716e+01
    6.5522476817e+01
    6.5796038412e+01
    6.6072415854e+01
    6.6351608908e+01
    6.6633629868e+01
    6.6918430000e+01
    6.7206121324e+01
    6.7496525110e+01
    6.7789846906e+01
    6.8085909146e+01
    6.8384823179e+01
    6.8686540944e+01
    6.8991075065e+01
    6.9298426099e+01
    6.9608567260e+01
    6.9921904928e+01
    7.0237124891e+01
    7.0555649672e+01
    7.0876779540e+01
    7.1199341868e+01
    7.1525564997e+01
    7.1853701909e+01
    7.2184654828e+01
    7.2518423404e+01
    7.2855061223e+01
    7.3193900805e+01
    7.3540871669e+01
    7.3882470382e+01
    7.4197743703e+01
    7.4537473852e+01
    7.4842244026e+01
    7.5150526508e+01
    7.5461136680e+01
    7.5774074869e+01
    7.6089284840e+01
    7.6407763673e+01
    7.6723203098e+01
    7.7066188258e+01
    7.7410013077e+01
    7.7384070621e+01
    7.7385908379e+01
    7.7386603679e+01
    7.7388371681e+01
    7.7391212884e+01
    7.7395181168e+01
    7.7399607092e+01
    7.7410447896e+01
    7.7414281302e+01
    7.7390072261e+01
    7.7388544206e+01
    7.7350179417e+01
    7.7313419283e+01
    7.7277079357e+01
    7.7241159462e+01
    7.7205632872e+01
    7.7170909278e+01
    7.7135680310e+01
    7.7101358281e+01
    7.7067253683e+01
    7.7032188265e+01
    7.6998387381e+01
    7.6964104300e+01
    7.6930241416e+01
    7.6896799458e+01
    7.6863790974e+01
    7.6831167487e+01
    7.6799040938e+01
    7.6767233310e+01
    7.6735949782e+01
    7.6705013211e+01
    7.6674535035e+01
    7.6644467279e+01
    7.6614822742e+01
    7.6585601363e+01
    7.6556802664e+01
    7.6528428628e+01
    7.6500475920e+01
    7.6472949804e+01
    7.6445844682e+01
    7.6419165819e+01
    7.6392909880e+01
    7.6367078847e+01
    7.6341672243e+01
    7.6316690378e+01
    7.6292133426e+01
    7.6268001557e+01
    7.6244294944e+01
    7.6221013760e+01
    7.6198158175e+01
    7.6175728364e+01
    7.6153724496e+01
    7.6132146745e+01
    7.6110995283e+01
    7.6090273623e+01
    7.6069979710e+01
    7.6050103690e+01
    7.6030686335e+01
    7.6011650000e+01
    7.5993087114e+01
    7.5974920035e+01
    7.5957189533e+01
    7.5939885754e+01
    7.5923006643e+01
    7.5906560169e+01
    7.5890723951e+01
    7.5875526519e+01
    7.5860114476e+01
    7.5846431322e+01
    7.5831854991e+01
    7.5818304004e+01
    7.5804972997e+01
    7.5791879249e+01
    7.5779213560e+01
    7.5766972481e+01
    7.5755567101e+01
    7.5747860688e+01
    7.5747275596e+01
    7.5735255626e+01
    7.5734381667e+01
    7.5727316869e+01
    7.5716897512e+01
    7.5706671965e+01
    7.5696877604e+01
    7.5687543781e+01
    7.5678328817e+01
    7.5680352330e+01
    7.5706659682e+01
    7.5784259363e+01
    7.5810436495e+01
    7.5805957011e+01
    7.5794530759e+01
    7.5783550509e+01
    7.5772959249e+01
    7.5762751466e+01
    7.5754135612e+01
    7.5742659633e+01
    7.5820505523e+01
    7.5990079889e+01
    7.6051735738e+01
    7.6047494128e+01
    7.6042852212e+01
    7.6037476282e+01
    7.6032132809e+01
    7.6026842237e+01
    7.6021188852e+01
    7.6027005939e+01
    7.6052218387e+01
    7.6112154906e+01
    7.6137570312e+01
    7.6136930824e+01
    7.6128370694e+01
    7.6119917174e+01
    7.6111441169e+01
    7.6102953529e+01
    7.6094936321e+01
    7.6089336329e+01
    7.6088755045e+01
    7.6079810695e+01
    7.6078499985e+01
    7.6072419522e+01
    7.6063439457e+01
    7.6054155318e+01
    7.6044871692e+01
    7.6035592372e+01
    7.6026445859e+01
    7.6017460654e+01
    7.6008003462e+01
    7.5999508961e+01
    7.5990041777e+01
    7.5981013041e+01
    7.5971828770e+01
    7.5962500219e+01
    7.5953168057e+01
    7.5943838306e+01
    7.5934509467e+01
    7.5925174194e+01
    7.5915863108e+01
    7.5906518021e+01
    7.5897208296e+01
    7.5887875746e+01
    7.5878550991e+01
    7.5869226686e+01
    7.5859901331e+01
    7.5850577605e+01
    7.5841255682e+01
    7.5831935733e+01
    7.5822617931e+01
    7.5813302449e+01
    7.5803989459e+01
    7.5794679133e+01
    7.5785371644e+01
    7.5776067166e+01
    7.5766765869e+01
    7.5757498423e+01
    7.5748363311e+01
    7.5739275903e+01
    7.5730109992e+01
    7.5721321432e+01
    7.5712163783e+01
    7.5703092899e+01
    7.5693982573e+01
    7.5684748175e+01
    7.5675488188e+01
    7.5666392584e+01
    7.5658961247e+01
    7.5657186898e+01
    7.5660091450e+01
    7.5657004671e+01
    7.5659370330e+01
    7.5657157408e+01
    7.5649053488e+01
    7.5639342772e+01
    7.5629529515e+01
    7.5619911330e+01
    7.5617556030e+01
    7.5644729305e+01
    7.5761205744e+01
    7.5911459580e+01
    7.6027474846e+01
    7.6045488129e+01
    7.6036611857e+01
    7.6022437863e+01
    7.6008189097e+01
    7.5994022712e+01
    7.5991319923e+01
    7.6102208751e+01
    7.6216305741e+01
    7.7156042093e+01
    7.7218905718e+01
    7.7306398731e+01
    7.7304464061e+01
    7.7296400870e+01
    7.7288194877e+01
    7.7280525736e+01
    7.7276527996e+01
    7.7418959873e+01
    7.8348276499e+01
    7.5928318665e+01
    7.6679788116e+01
    7.6778942828e+01
    7.6795252580e+01
    7.6806594561e+01
    7.6817719414e+01
    7.6828846445e+01
    7.6852424696e+01
    7.6968541632e+01
    7.6971529938e+01
    7.7714862751e+01
    7.7684475335e+01
    7.7778530176e+01
    7.7799227760e+01
    7.7813283665e+01
    7.7827245014e+01
    7.7841448250e+01
    7.7860852398e+01
    7.7895964661e+01
    7.7987294495e+01
    7.8078344878e+01
    7.8170060657e+01
    7.8200474209e+01
    7.8216890377e+01
    7.8229455291e+01
    7.8241909779e+01
    7.8254478873e+01
    7.8267990317e+01
    7.8284316583e+01
    7.8303085040e+01
    7.8319028614e+01
    7.8337589701e+01
    7.8353848610e+01
    7.8367150872e+01
    7.8379546477e+01
    7.8391864365e+01
    7.8404199323e+01
    7.8416600184e+01
    7.8429025456e+01
    7.8441410198e+01
    7.8453984801e+01
    7.8466373076e+01
    7.8478805413e+01
    7.8491216873e+01
    7.8503565962e+01
    7.8515901514e+01
    7.8528238850e+01
    7.8540577972e+01
    7.8552918885e+01
    7.8565261591e+01
    7.8577606093e+01
    7.8589952394e+01
    7.8602300499e+01
    7.8614650409e+01
    7.8627002128e+01
    7.8639355659e+01
    7.8651838003e+01
    7.8665327002e+01
    7.8681366678e+01
    7.8698933135e+01
    7.8715425864e+01
    7.8732995980e+01
    7.8749042974e+01
    7.8762542950e+01
    7.8775039929e+01
    7.8787411755e+01
    7.8800917263e+01
    7.8825032998e+01
    7.8887074688e+01
    7.9016572018e+01
    7.9194574471e+01
    7.9324504488e+01
    7.9383913259e+01
    7.9406228087e+01
    7.9419423106e+01
    7.9431794519e+01
    7.9447756594e+01
    7.9509258520e+01
    7.9693392883e+01
    8.0182085386e+01
    8.1209526012e+01
    8.1627817326e+01
    8.1759151307e+01
    8.1803834021e+01
    8.1817664861e+01
    8.1829766536e+01
    8.1846339320e+01
    8.1969494378e+01
    8.2440592565e+01
    8.2336952196e+01
    7.8008326104e+01
    7.7370725383e+01
    7.7725955541e+01
    7.7793326274e+01
    7.7806794711e+01
    7.7818799427e+01
    7.7833162119e+01
    7.7985563449e+01
    7.8948577943e+01
    7.4422968431e+01
    6.8144916810e+01
    6.6066911318e+01
    6.6449693456e+01
    6.6522055572e+01
    6.6539012463e+01
    6.6553986939e+01
    6.6574034399e+01
    6.6662122201e+01
    6.6781856544e+01
    6.6671950965e+01
    6.4475748554e+01
    6.4046034438e+01
    6.4174603682e+01
    6.4224056074e+01
    6.4240213003e+01
    6.4254780543e+01
    6.4271257154e+01
    6.4307445897e+01
    6.4375525238e+01
    6.4520194061e+01
    6.4891315989e+01
    6.5012652260e+01
    6.5060494072e+01
    6.5088953935e+01
    6.5104223061e+01
    6.5118538970e+01
    6.5133238756e+01
    6.5151343748e+01
    6.5180484482e+01
    6.5226978044e+01
    6.5285617070e+01
    6.5332246915e+01
    6.5360486516e+01
    6.5377963803e+01
    6.5392522039e+01
    6.5406792990e+01
    6.5421093316e+01
    6.5435641922e+01
    6.5450822311e+01
    6.5466388661e+01
    6.5481671392e+01
    6.5497231350e+01
    6.5512398956e+01
    6.5526928389e+01
    6.5541203149e+01
    6.5555442144e+01
    6.5569677959e+01
    6.5583910600e+01
    6.5598140068e+01
    6.5612366368e+01
    6.5626589502e+01
    6.5640809474e+01
    6.5655026286e+01
    6.5669239942e+01
    6.5683450444e+01
    6.5697657797e+01
    6.5712072830e+01
    6.5728839829e+01
    6.5755993317e+01
    6.5804265341e+01
    6.5866375263e+01
    6.5914641021e+01
    6.5941781979e+01
    6.5958530183e+01
    6.5972920154e+01
    6.5987096181e+01
    6.6003835030e+01
    6.6048961162e+01
    6.6210729769e+01
    6.6577160711e+01
    6.7040900718e+01
    6.7378949061e+01
    6.7519690739e+01
    6.7558834154e+01
    6.7575049390e+01
    6.7589347298e+01
    6.7616402180e+01
    6.7776459981e+01
    6.8122443140e+01
    6.7545323438e+01
    6.5291304924e+01
    6.4458215760e+01
    6.4599526552e+01
    6.4700040864e+01
    6.4722723395e+01
    6.4738956012e+01
    6.4786815841e+01
    6.5131344752e+01
    6.4483639032e+01
    5.7446696534e+01
    4.8456713316e+01
    4.3743141870e+01
    4.3340420812e+01
    4.3467112635e+01
    4.3494325752e+01
    4.3512983215e+01
    4.3566885841e+01
    4.3911892406e+01
    4.1546793948e+01
    3.3052052910e+01

